
import java.io.ByteArrayInputStream;
import java.io.ByteArrayOutputStream;
import java.io.PrintStream;
import java.io.UnsupportedEncodingException;
import java.util.Scanner;

/*
 * Uporaba omejena v skladu s pravilnikom FRI.
 * Tadej Pecar, 2015/2016
 */
public class Naloga2TestGen
{
    static int rez_os[][] =
    {
    {1, 2, 3, 4, 5, 6, 7, 8, 8, 9, 10, 11, 12, 13, 14, 15, 16, 17, 17, 18, 19, 20, 21, 22, 23, 24, 25, 26, 26},
    {2, 4, 6, 8, 10, 12, 14, 16, 16, 18, 20, 22, 24, 26, 28, 30, 32, 34, 34, 36, 38, 40, 42, 44, 46, 48, 50, 52, 52},
    {3, 6, 9, 12, 15, 18, 21, 24, 24, 27, 30, 33, 36, 39, 42, 45, 48, 51, 51, 54, 57, 60, 63, 66, 69, 72, 75, 78, 78},
    {4, 8, 12, 16, 20, 24, 28, 32, 32, 36, 40, 44, 48, 52, 56, 60, 64, 68, 68, 72, 76, 80, 84, 88, 92, 96, 100, 104, 104},
    {5, 10, 15, 20, 25, 30, 35, 40, 40, 45, 50, 55, 60, 65, 70, 75, 80, 85, 85, 90, 95, 100, 105, 110, 115, 120, 125, 130, 130},
    {6, 12, 18, 24, 30, 36, 42, 48, 48, 54, 60, 66, 72, 78, 84, 90, 96, 102, 102, 108, 114, 120, 126, 132, 138, 144, 150, 156, 156},
    {7, 14, 21, 28, 35, 42, 49, 56, 56, 63, 70, 77, 84, 91, 98, 105, 112, 119, 119, 126, 133, 140, 147, 154, 161, 168, 175, 182, 182},
    {8, 16, 24, 32, 40, 48, 56, 64, 64, 72, 80, 88, 96, 104, 112, 120, 128, 136, 136, 144, 152, 160, 168, 176, 184, 192, 200, 208, 208},
    {9, 18, 27, 36, 45, 54, 63, 72, 72, 81, 90, 99, 108, 117, 126, 135, 144, 153, 153, 162, 171, 180, 189, 198, 207, 216, 225, 234, 234},
    {10, 20, 30, 40, 50, 60, 70, 80, 80, 90, 100, 110, 120, 130, 140, 150, 160, 170, 170, 180, 190, 200, 210, 220, 230, 240, 250, 260, 260},
    {11, 22, 33, 44, 55, 66, 77, 88, 88, 99, 110, 121, 132, 143, 154, 165, 176, 187, 187, 198, 209, 220, 231, 242, 253, 264, 275, 286, 286},
    {12, 24, 36, 48, 60, 72, 84, 96, 96, 108, 120, 132, 144, 156, 168, 180, 192, 204, 204, 216, 228, 240, 252, 264, 276, 288, 300, 312, 312},
    {13, 26, 39, 52, 65, 78, 91, 104, 104, 117, 130, 143, 156, 169, 182, 195, 208, 221, 221, 234, 247, 260, 273, 286, 299, 312, 325, 338, 338},
    {14, 28, 42, 56, 70, 84, 98, 112, 112, 126, 140, 154, 168, 182, 196, 210, 224, 238, 238, 252, 266, 280, 294, 308, 322, 336, 350, 364, 364},
    {15, 30, 45, 60, 75, 90, 105, 120, 120, 135, 150, 165, 180, 195, 210, 225, 240, 255, 255, 270, 285, 300, 315, 330, 345, 360, 375, 390, 390},
    {16, 32, 48, 64, 80, 96, 112, 128, 128, 144, 160, 176, 192, 208, 224, 240, 256, 272, 272, 288, 304, 320, 336, 352, 368, 384, 400, 416, 416},
    {17, 34, 51, 68, 85, 102, 119, 136, 136, 153, 170, 187, 204, 221, 238, 255, 272, 289, 289, 306, 323, 340, 357, 374, 391, 408, 425, 442, 442},
    {18, 36, 54, 72, 90, 108, 126, 144, 144, 162, 180, 198, 216, 234, 252, 270, 288, 306, 306, 324, 342, 360, 378, 396, 414, 432, 450, 468, 468},
    {19, 38, 57, 76, 95, 114, 133, 152, 152, 171, 190, 209, 228, 247, 266, 285, 304, 323, 323, 342, 361, 380, 399, 418, 437, 456, 475, 494, 494},
    {20, 40, 60, 80, 100, 120, 140, 160, 160, 180, 200, 220, 240, 260, 280, 300, 320, 340, 340, 360, 380, 400, 420, 440, 460, 480, 500, 520, 520},
    {21, 42, 63, 84, 105, 126, 147, 168, 168, 189, 210, 231, 252, 273, 294, 315, 336, 357, 357, 378, 399, 420, 441, 462, 483, 504, 525, 546, 546},
    {22, 44, 66, 88, 110, 132, 154, 176, 176, 198, 220, 242, 264, 286, 308, 330, 352, 374, 374, 396, 418, 440, 462, 484, 506, 528, 550, 572, 572},
    {23, 46, 69, 92, 115, 138, 161, 184, 184, 207, 230, 253, 276, 299, 322, 345, 368, 391, 391, 414, 437, 460, 483, 506, 529, 552, 575, 598, 598},
    {24, 48, 72, 96, 120, 144, 168, 192, 192, 216, 240, 264, 288, 312, 336, 360, 384, 408, 408, 432, 456, 480, 504, 528, 552, 576, 600, 624, 624},
    {25, 50, 75, 100, 125, 150, 175, 200, 200, 225, 250, 275, 300, 325, 350, 375, 400, 425, 425, 450, 475, 500, 525, 550, 575, 600, 625, 650, 650},
    {26, 52, 78, 104, 130, 156, 182, 208, 208, 234, 260, 286, 312, 338, 364, 390, 416, 442, 442, 468, 494, 520, 546, 572, 598, 624, 650, 676, 676},
    {27, 54, 81, 108, 135, 162, 189, 216, 216, 243, 270, 297, 324, 351, 378, 405, 432, 459, 459, 486, 513, 540, 567, 594, 621, 648, 675, 702, 702},
    {28, 56, 84, 112, 140, 168, 196, 224, 224, 252, 280, 308, 336, 364, 392, 420, 448, 476, 476, 504, 532, 560, 588, 616, 644, 672, 700, 728, 728},
    {29, 58, 87, 116, 145, 174, 203, 232, 232, 261, 290, 319, 348, 377, 406, 435, 464, 493, 493, 522, 551, 580, 609, 638, 667, 696, 725, 754, 754}
    };
    
    static int rez_ru[][] =
    {
    {8, 11, 14, 17, 20, 23, 26, 29, 32, 35, 38, 41, 44, 47, 50, 53, 56, 59, 62, 65, 68, 71, 74, 77, 80, 83, 86, 89, 92},
    {23, 29, 35, 41, 47, 53, 59, 65, 71, 77, 83, 89, 95, 101, 107, 113, 119, 125, 131, 137, 143, 149, 155, 161, 167, 173, 179, 185, 191},
    {44, 53, 62, 71, 80, 89, 98, 107, 116, 125, 134, 143, 152, 161, 170, 179, 188, 197, 206, 215, 224, 233, 242, 251, 260, 269, 278, 287, 296},
    {76, 89, 102, 115, 128, 141, 154, 167, 180, 193, 206, 219, 232, 245, 258, 271, 284, 297, 310, 323, 336, 349, 362, 375, 388, 401, 414, 427, 440},
    {110, 126, 142, 158, 174, 190, 206, 222, 238, 254, 270, 286, 302, 318, 334, 350, 366, 382, 398, 414, 430, 446, 462, 478, 494, 510, 526, 542, 558},
    {150, 169, 188, 207, 226, 245, 264, 283, 302, 321, 340, 359, 378, 397, 416, 435, 454, 473, 492, 511, 530, 549, 568, 587, 606, 625, 644, 663, 682},
    {204, 227, 250, 273, 296, 319, 342, 365, 388, 411, 434, 457, 480, 503, 526, 549, 572, 595, 618, 641, 664, 687, 710, 733, 756, 779, 802, 825, 848},
    {257, 283, 309, 335, 361, 387, 413, 439, 465, 491, 517, 543, 569, 595, 621, 647, 673, 699, 725, 751, 777, 803, 829, 855, 881, 907, 933, 959, 985},
    {316, 345, 374, 403, 432, 461, 490, 519, 548, 577, 606, 635, 664, 693, 722, 751, 780, 809, 838, 867, 896, 925, 954, 983, 1012, 1041, 1070, 1099, 1128},
    {392, 425, 458, 491, 524, 557, 590, 623, 656, 689, 722, 755, 788, 821, 854, 887, 920, 953, 986, 1019, 1052, 1085, 1118, 1151, 1184, 1217, 1250, 1283, 1316},
    {464, 500, 536, 572, 608, 644, 680, 716, 752, 788, 824, 860, 896, 932, 968, 1004, 1040, 1076, 1112, 1148, 1184, 1220, 1256, 1292, 1328, 1364, 1400, 1436, 1472},
    {542, 581, 620, 659, 698, 737, 776, 815, 854, 893, 932, 971, 1010, 1049, 1088, 1127, 1166, 1205, 1244, 1283, 1322, 1361, 1400, 1439, 1478, 1517, 1556, 1595, 1634},
    {625, 667, 709, 751, 793, 835, 877, 919, 961, 1003, 1045, 1087, 1129, 1171, 1213, 1255, 1297, 1339, 1381, 1423, 1465, 1507, 1549, 1591, 1633, 1675, 1717, 1759, 1801},
    {730, 776, 822, 868, 914, 960, 1006, 1052, 1098, 1144, 1190, 1236, 1282, 1328, 1374, 1420, 1466, 1512, 1558, 1604, 1650, 1696, 1742, 1788, 1834, 1880, 1926, 1972, 2018},
    {827, 876, 925, 974, 1023, 1072, 1121, 1170, 1219, 1268, 1317, 1366, 1415, 1464, 1513, 1562, 1611, 1660, 1709, 1758, 1807, 1856, 1905, 1954, 2003, 2052, 2101, 2150, 2199},
    {929, 981, 1033, 1085, 1137, 1189, 1241, 1293, 1345, 1397, 1449, 1501, 1553, 1605, 1657, 1709, 1761, 1813, 1865, 1917, 1969, 2021, 2073, 2125, 2177, 2229, 2281, 2333, 2385},
    {1056, 1112, 1168, 1224, 1280, 1336, 1392, 1448, 1504, 1560, 1616, 1672, 1728, 1784, 1840, 1896, 1952, 2008, 2064, 2120, 2176, 2232, 2288, 2344, 2400, 2456, 2512, 2568, 2624},
    {1172, 1231, 1290, 1349, 1408, 1467, 1526, 1585, 1644, 1703, 1762, 1821, 1880, 1939, 1998, 2057, 2116, 2175, 2234, 2293, 2352, 2411, 2470, 2529, 2588, 2647, 2706, 2765, 2824},
    {1293, 1356, 1418, 1480, 1542, 1604, 1666, 1728, 1790, 1852, 1914, 1976, 2038, 2100, 2162, 2224, 2286, 2348, 2410, 2472, 2534, 2596, 2658, 2720, 2782, 2844, 2906, 2968, 3030},
    {1442, 1509, 1575, 1641, 1707, 1773, 1839, 1905, 1971, 2037, 2103, 2169, 2235, 2301, 2367, 2433, 2499, 2565, 2631, 2697, 2763, 2829, 2895, 2961, 3027, 3093, 3159, 3225, 3291},
    {1577, 1647, 1716, 1785, 1854, 1923, 1992, 2061, 2130, 2199, 2268, 2337, 2406, 2475, 2544, 2613, 2682, 2751, 2820, 2889, 2958, 3027, 3096, 3165, 3234, 3303, 3372, 3441, 3510},
    {1717, 1791, 1863, 1935, 2007, 2079, 2151, 2223, 2295, 2367, 2439, 2511, 2583, 2655, 2727, 2799, 2871, 2943, 3015, 3087, 3159, 3231, 3303, 3375, 3447, 3519, 3591, 3663, 3735},
    {1888, 1966, 2042, 2118, 2194, 2270, 2346, 2422, 2498, 2574, 2650, 2726, 2802, 2878, 2954, 3030, 3106, 3182, 3258, 3334, 3410, 3486, 3562, 3638, 3714, 3790, 3866, 3942, 4018},
    {2042, 2123, 2202, 2281, 2360, 2439, 2518, 2597, 2676, 2755, 2834, 2913, 2992, 3071, 3150, 3229, 3308, 3387, 3466, 3545, 3624, 3703, 3782, 3861, 3940, 4019, 4098, 4177, 4256},
    {2201, 2286, 2368, 2450, 2532, 2614, 2696, 2778, 2860, 2942, 3024, 3106, 3188, 3270, 3352, 3434, 3516, 3598, 3680, 3762, 3844, 3926, 4008, 4090, 4172, 4254, 4336, 4418, 4500},
    {2394, 2483, 2569, 2655, 2741, 2827, 2913, 2999, 3085, 3171, 3257, 3343, 3429, 3515, 3601, 3687, 3773, 3859, 3945, 4031, 4117, 4203, 4289, 4375, 4461, 4547, 4633, 4719, 4805},
    {2567, 2659, 2748, 2837, 2926, 3015, 3104, 3193, 3282, 3371, 3460, 3549, 3638, 3727, 3816, 3905, 3994, 4083, 4172, 4261, 4350, 4439, 4528, 4617, 4706, 4795, 4884, 4973, 5062},
    {2745, 2841, 2933, 3025, 3117, 3209, 3301, 3393, 3485, 3577, 3669, 3761, 3853, 3945, 4037, 4129, 4221, 4313, 4405, 4497, 4589, 4681, 4773, 4865, 4957, 5049, 5141, 5233, 5325},
    {2960, 3060, 3156, 3252, 3348, 3444, 3540, 3636, 3732, 3828, 3924, 4020, 4116, 4212, 4308, 4404, 4500, 4596, 4692, 4788, 4884, 4980, 5076, 5172, 5268, 5364, 5460, 5556, 5652}
    };
    
    /* 2d tabela izhodov pravilnega programa */
    static int rez_dv[][] =
    {
    {1, 2, 3, 4, 5, 6, 7, 8, 9, 10, 11, 12, 13, 14, 15, 16, 17, 18, 19, 20, 21, 22, 23, 24, 25, 26, 27, 28, 29},
    {2, 4, 6, 8, 10, 12, 14, 16, 16, 18, 20, 22, 24, 26, 28, 30, 32, 34, 34, 36, 38, 40, 42, 44, 46, 48, 50, 52, 52},
    {3, 6, 9, 12, 15, 18, 21, 24, 25, 27, 30, 34, 37, 39, 43, 45, 48, 52, 53, 54, 57, 61, 63, 67, 70, 74, 76, 79, 80},
    {4, 8, 12, 16, 20, 24, 28, 32, 34, 37, 40, 46, 48, 52, 56, 60, 64, 70, 72, 74, 77, 82, 85, 90, 94, 98, 100, 104, 104},
    {5, 10, 15, 20, 25, 30, 35, 40, 41, 45, 50, 56, 61, 66, 71, 75, 80, 86, 87, 90, 95, 101, 105, 111, 116, 122, 127, 132, 133},
    {6, 12, 18, 24, 30, 36, 42, 48, 50, 55, 60, 68, 72, 78, 84, 90, 96, 104, 106, 110, 115, 122, 126, 134, 140, 146, 150, 156, 156},
    {7, 14, 21, 28, 35, 42, 49, 56, 57, 63, 71, 80, 85, 91, 99, 105, 112, 120, 121, 126, 134, 144, 149, 157, 164, 170, 176, 183, 184},
    {8, 16, 24, 32, 40, 48, 56, 64, 66, 72, 80, 90, 98, 105, 112, 120, 128, 138, 140, 144, 152, 162, 168, 178, 186, 196, 203, 211, 209},
    {9, 16, 25, 34, 41, 50, 57, 66, 70, 76, 82, 95, 98, 107, 114, 121, 132, 145, 147, 152, 158, 168, 175, 186, 191, 196, 205, 214, 214},
    {10, 18, 27, 37, 45, 55, 63, 72, 76, 81, 90, 104, 111, 117, 127, 135, 144, 160, 160, 162, 171, 185, 190, 203, 212, 222, 228, 237, 236},
    {11, 20, 30, 40, 50, 60, 71, 80, 82, 90, 100, 112, 122, 133, 142, 151, 160, 172, 174, 182, 190, 202, 210, 222, 232, 246, 255, 266, 266},
    {12, 22, 34, 46, 56, 68, 80, 90, 95, 104, 112, 129, 135, 144, 155, 165, 180, 197, 196, 204, 218, 230, 238, 253, 261, 270, 279, 290, 289},
    {13, 24, 37, 48, 61, 72, 85, 98, 98, 111, 122, 135, 146, 159, 170, 181, 192, 210, 212, 218, 229, 244, 254, 271, 279, 294, 305, 318, 318},
    {14, 26, 39, 52, 66, 78, 91, 105, 107, 117, 133, 144, 159, 169, 183, 195, 212, 227, 234, 242, 247, 263, 273, 289, 302, 320, 328, 341, 340},
    {15, 28, 43, 56, 71, 84, 99, 112, 114, 127, 142, 155, 170, 183, 198, 211, 224, 244, 247, 252, 274, 290, 301, 320, 322, 340, 353, 367, 368},
    {16, 30, 45, 60, 75, 90, 105, 120, 121, 135, 151, 165, 181, 195, 211, 225, 242, 258, 261, 272, 286, 305, 316, 337, 353, 372, 381, 397, 397},
    {17, 32, 48, 64, 80, 96, 112, 128, 132, 144, 160, 180, 192, 212, 224, 242, 256, 276, 283, 294, 305, 324, 336, 356, 370, 392, 404, 420, 420},
    {18, 34, 52, 70, 86, 104, 120, 138, 145, 160, 172, 197, 210, 227, 244, 258, 276, 301, 299, 308, 331, 352, 364, 387, 394, 415, 431, 449, 448},
    {19, 34, 53, 72, 87, 106, 121, 140, 147, 160, 174, 196, 212, 234, 247, 261, 283, 299, 309, 320, 328, 351, 366, 389, 401, 421, 434, 452, 448},
    {20, 36, 54, 74, 90, 110, 126, 144, 152, 162, 182, 204, 218, 242, 252, 272, 294, 308, 320, 324, 349, 372, 378, 402, 420, 443, 457, 476, 477},
    {21, 38, 57, 77, 95, 115, 134, 152, 158, 171, 190, 218, 229, 247, 274, 286, 305, 331, 328, 349, 361, 387, 406, 431, 442, 466, 483, 503, 500},
    {22, 40, 61, 82, 101, 122, 144, 162, 168, 185, 202, 230, 244, 263, 290, 305, 324, 352, 351, 372, 387, 410, 428, 456, 467, 490, 505, 525, 528},
    {23, 42, 63, 85, 105, 126, 149, 168, 175, 190, 210, 238, 254, 273, 301, 316, 336, 364, 366, 378, 406, 428, 441, 469, 491, 516, 536, 559, 551},
    {24, 44, 67, 90, 111, 134, 157, 178, 186, 203, 222, 253, 271, 289, 320, 337, 356, 387, 389, 402, 431, 456, 469, 498, 509, 540, 556, 578, 582},
    {25, 46, 70, 94, 116, 140, 164, 186, 191, 212, 232, 261, 279, 302, 322, 353, 370, 394, 401, 420, 442, 467, 491, 509, 537, 562, 581, 605, 604},
    {26, 48, 74, 98, 122, 146, 170, 196, 196, 222, 246, 270, 294, 320, 340, 372, 392, 415, 421, 443, 466, 490, 516, 540, 562, 592, 610, 635, 634},
    {27, 50, 76, 100, 127, 150, 176, 203, 205, 228, 255, 279, 305, 328, 353, 381, 404, 431, 434, 457, 483, 505, 536, 556, 581, 610, 633, 659, 657},
    {28, 52, 79, 104, 132, 156, 183, 211, 214, 237, 266, 290, 318, 341, 367, 397, 420, 449, 452, 476, 503, 525, 559, 578, 605, 635, 659, 686, 686},
    {29, 52, 80, 104, 133, 156, 184, 209, 214, 236, 266, 289, 318, 340, 368, 397, 420, 448, 448, 477, 500, 528, 551, 582, 604, 634, 657, 686, 684}
    };
    
    static int rez_ka[][] = 
    {
    {1, 2, 3, 4, 5, 6, 7, 8, 9, 10, 11, 12, 13, 14, 15, 16, 17, 18, 19, 20, 21, 22, 23, 24, 25, 26, 27, 28, 29},
    {2, 5, 10, 13, 16, 17, 15, 18, 33, 27, 29, 39, 43, 54, 48, 39, 56, 68, 62, 61, 59, 66, 70, 86, 71, 80, 73, 74, 103},
    {3, 10, 11, 15, 18, 20, 19, 30, 38, 31, 38, 46, 59, 62, 56, 46, 64, 76, 71, 71, 73, 79, 82, 102, 85, 96, 88, 90, 119},
    {4, 13, 15, 17, 17, 20, 28, 34, 37, 31, 38, 53, 70, 68, 60, 56, 65, 73, 69, 71, 73, 79, 83, 106, 103, 124, 105, 123, 129},
    {5, 16, 18, 17, 20, 27, 31, 39, 38, 38, 45, 58, 77, 72, 67, 62, 74, 83, 79, 90, 92, 98, 100, 119, 116, 135, 122, 129, 145},
    {6, 17, 20, 20, 27, 30, 31, 41, 46, 44, 52, 59, 69, 73, 72, 68, 85, 95, 103, 99, 104, 113, 112, 128, 122, 135, 129, 125, 162},
    {7, 15, 19, 28, 31, 31, 29, 41, 55, 56, 52, 61, 73, 73, 73, 70, 91, 124, 115, 110, 103, 114, 116, 128, 127, 138, 128, 124, 171},
    {8, 18, 30, 34, 39, 41, 41, 40, 56, 57, 58, 71, 75, 84, 88, 86, 97, 125, 119, 120, 117, 132, 131, 144, 148, 156, 148, 165, 184},
    {9, 33, 38, 37, 38, 46, 55, 56, 56, 55, 63, 73, 91, 84, 88, 86, 111, 121, 120, 122, 125, 134, 137, 151, 162, 170, 160, 163, 184},
    {10, 27, 31, 31, 38, 44, 56, 57, 55, 54, 61, 67, 92, 92, 92, 94, 109, 119, 118, 120, 123, 133, 134, 160, 173, 183, 181, 181, 204},
    {11, 29, 38, 38, 45, 52, 52, 58, 63, 61, 62, 86, 95, 103, 94, 100, 121, 150, 136, 134, 124, 140, 152, 168, 177, 186, 194, 188, 221},
    {12, 39, 46, 53, 58, 59, 61, 71, 73, 67, 86, 88, 103, 104, 100, 108, 134, 159, 162, 156, 147, 164, 170, 181, 184, 196, 196, 207, 228},
    {13, 43, 59, 70, 77, 69, 73, 75, 91, 92, 95, 103, 103, 115, 119, 121, 139, 160, 160, 151, 164, 183, 172, 185, 195, 222, 217, 211, 249},
    {14, 54, 62, 68, 72, 73, 73, 84, 84, 92, 103, 104, 115, 112, 110, 117, 141, 158, 157, 150, 166, 188, 181, 205, 207, 225, 210, 210, 235},
    {15, 48, 56, 60, 67, 72, 73, 88, 88, 92, 94, 100, 119, 110, 109, 120, 139, 159, 148, 161, 178, 196, 194, 221, 215, 260, 224, 222, 241},
    {16, 39, 46, 56, 62, 68, 70, 86, 86, 94, 100, 108, 121, 117, 120, 110, 144, 174, 170, 170, 165, 185, 202, 232, 231, 251, 253, 248, 247},
    {17, 56, 64, 65, 74, 85, 91, 97, 111, 109, 121, 134, 139, 141, 139, 144, 136, 178, 180, 176, 177, 203, 197, 240, 231, 270, 259, 277, 293},
    {18, 68, 76, 73, 83, 95, 124, 125, 121, 119, 150, 159, 160, 158, 159, 174, 178, 186, 180, 182, 188, 201, 212, 222, 243, 276, 269, 275, 302},
    {19, 62, 71, 69, 79, 103, 115, 119, 120, 118, 136, 162, 160, 157, 148, 170, 180, 180, 172, 175, 183, 196, 207, 238, 244, 268, 265, 270, 303},
    {20, 61, 71, 71, 90, 99, 110, 120, 122, 120, 134, 156, 151, 150, 161, 170, 176, 182, 175, 181, 188, 212, 202, 231, 246, 288, 292, 290, 309},
    {21, 59, 73, 73, 92, 104, 103, 117, 125, 123, 124, 147, 164, 166, 178, 165, 177, 188, 183, 188, 183, 203, 228, 259, 250, 261, 275, 289, 331},
    {22, 66, 79, 79, 98, 113, 114, 132, 134, 133, 140, 164, 183, 188, 196, 185, 203, 201, 196, 212, 203, 215, 232, 249, 260, 304, 278, 291, 323},
    {23, 70, 82, 83, 100, 112, 116, 131, 137, 134, 152, 170, 172, 181, 194, 202, 197, 212, 207, 202, 228, 232, 223, 263, 268, 309, 321, 285, 329},
    {24, 86, 102, 106, 119, 128, 128, 144, 151, 160, 168, 181, 185, 205, 221, 232, 240, 222, 238, 231, 259, 249, 263, 257, 282, 310, 301, 316, 326},
    {25, 71, 85, 103, 116, 122, 127, 148, 162, 173, 177, 184, 195, 207, 215, 231, 231, 243, 244, 246, 250, 260, 268, 282, 263, 311, 313, 325, 338},
    {26, 80, 96, 124, 135, 135, 138, 156, 170, 183, 186, 196, 222, 225, 260, 251, 270, 276, 268, 288, 261, 304, 309, 310, 311, 307, 306, 312, 341},
    {27, 73, 88, 105, 122, 129, 128, 148, 160, 181, 194, 196, 217, 210, 224, 253, 259, 269, 265, 292, 275, 278, 321, 301, 313, 306, 303, 315, 346},
    {28, 74, 90, 123, 129, 125, 124, 165, 163, 181, 188, 207, 211, 210, 222, 248, 277, 275, 270, 290, 289, 291, 285, 316, 325, 312, 315, 306, 364},
    {29, 103, 119, 129, 145, 162, 171, 184, 184, 204, 221, 228, 249, 235, 241, 247, 293, 302, 303, 309, 331, 323, 329, 326, 338, 341, 346, 364, 355}
    };
    
    /* spremenljivka, ki doloca, ali se program postavi v nacin za generiranje
       (false) ali testiranje (true) - pri generiranju namesto preverjanja
       izpise tabelo, ki jo vrne trenutno testiran program */
    static boolean testiraj=true;
    
    /* maksimalni dolzini a,b */
    static int maxA=30;
    static int maxB=30;
    
    /* ALGORITEM KI SE TESTIRA */
    static String algo = "os";
    
    /* TABELA PRAVILNIH IZHODOV */
    static int pravilno[][] = rez_os;
    
    public static void main(String args[]) throws UnsupportedEncodingException
    {
        /* shranimo si prvotni outputstream, da lahko pišemo na njega */
        
        PrintStream izhod = System.out;
        
        boolean napaka=false;
        
        if(!testiraj)
            izhod.println("{");
        
        for(int dolzA=1; dolzA<maxA; dolzA++)
        {
            if(!testiraj)
                izhod.print("{");
            for(int dolzB=1; dolzB<maxB; dolzB++)
            {
                String stA=gen(dolzA);
                String stB=gen(dolzB);
          
                System.setIn(new ByteArrayInputStream((stA+"\n"+stB+"\n").getBytes("UTF-8")));
                ByteArrayOutputStream out = new ByteArrayOutputStream();
                System.setOut(new PrintStream(out));
                
                Naloga2 n2 = new Naloga2();
                n2.main(new String[]{"count",algo});
                
                if(testiraj)
                {
                    /* preverimo rezultat in v primeru odstopanja javimo napako */
                    Scanner outParse = new Scanner(out.toString());
                    int outval = outParse.nextInt();
                    
                    if(outval != pravilno[dolzA-1][dolzB-1])
                    {
                        izhod.format("====== NAPAKA ======\n"+
                                     "Primer %d %d\n"+
                                     "1. stevilo: %s\n2. stevilo: %s\n\n"+
                                     "Pricakoval %d, dobil %d\n",dolzA, dolzB, stA, stB, pravilno[dolzA-1][dolzB-1], outval);
                        napaka=true;
                    }
                }
                else
                    izhod.print(out.toString().replaceAll("\n", "")+(dolzB<maxB-1 ? ", ":""));
            }
            if(!testiraj)
                izhod.println("}"+(dolzA<maxA-1 ? ",":""));
        }
        if(!testiraj)
            izhod.println("};");
        
        System.setOut(new PrintStream(izhod));
        if(testiraj)
        {
            if(!napaka)
                System.out.println("Vse OK");
        }
    }
    /* generira niz podane dolzine */
    static String gen(int dolzina)
    {
        String niz="";
        char znak='9';
        for(int i=0; i<dolzina; i++)
        {
            if(znak=='0')
                znak='9';
            else
                znak--;
            niz+=znak;
        }
        return niz;
    }
}
